state (Emission order)	Genome %	CpGIsland.hg38.bed.gz	RefSeqExon.hg38.bed.gz	RefSeqGene.hg38.bed.gz	RefSeqTES.hg38.bed.gz	RefSeqTSS.hg38.bed.gz	RefSeqTSS2kb.hg38.bed.gz
1	0.22264	70.46286	7.98271	1.42469	1.48807	66.75551	22.97113
2	0.44664	13.64083	3.77196	1.57501	4.35027	9.67735	22.44641
3	0.42034	68.67053	9.98436	1.85742	2.98860	66.57028	27.08225
4	9.92537	1.04092	2.02856	1.49961	2.29835	0.82918	1.41808
5	0.88475	0.53824	1.40042	1.44084	2.46524	1.49866	2.96553
6	2.47907	1.48283	1.31637	1.41083	1.57865	1.75210	3.78615
7	78.91143	0.39524	0.78989	0.91088	0.78206	0.42478	0.51544
8	6.70977	0.54871	0.80083	0.99305	0.87181	0.80681	1.00121
Base	100	0.70789	2.45594	41.83007	0.00093	0.00106	3.42791
